03-03-2021 11:30:00 1547.988182 1386.097273 27.970909  83.089091 98348.58455  933.454545   0 1
03-03-2021 11:45:00 1550.385000 1397.823000 28.540000  80.534000 98328.40000  914.500000   1 1
03-03-2021 12:00:00 1554.245000 1402.921000 28.618000  75.564000 98313.49900  999.700000   2 1
03-03-2021 12:15:00 1554.242000 1405.282000 28.334000  75.861000 98300.42000 1528.400000   3 1
03-03-2021 12:30:00 1561.174545 1406.650000 28.835455  74.176364 98289.80455 1671.545455   4 1
03-03-2021 12:45:00 1563.478000 1406.470000 28.465000  70.036000 98274.99400 1035.200000   5 1
03-03-2021 13:00:00 1568.286364 1406.290000 27.964545  70.150000 98253.39818  836.000000   6 1
03-03-2021 13:15:00 1569.855000 1402.525000 28.201000  69.365000 98232.39400  795.700000   7 1
03-03-2021 13:30:00 1573.312000 1401.346000 28.790000  69.697000 98220.05300 1467.800000   8 1
03-03-2021 13:45:00 1573.312000 1397.816000 29.455000  64.385000 98212.85200 2445.000000   9 1
03-03-2021 14:00:00 1573.808000 1395.084000 29.609000  63.441000 98206.97700 2461.600000  10 1
03-03-2021 14:15:00 1577.779000 1393.917000 30.359000  62.412000 98197.26000 2745.700000  11 1
03-03-2021 14:30:00 1577.779000 1391.982000 30.186000  59.801000 98182.05000 2974.700000  12 1
03-03-2021 14:45:00 1577.280000 1388.880000 30.234000  59.644000 98171.64900 2734.200000  13 1
03-03-2021 15:00:00 1578.640909 1387.832727 30.212727  59.549091 98165.48455 2985.545455  14 1
03-03-2021 15:15:00 1579.276000 1385.040000 29.821000  60.954000 98167.39600 1479.000000  15 1
03-03-2021 15:30:00 1578.278000 1381.593000 28.393000  64.450000 98165.16700 2154.500000  16 1
03-03-2021 15:45:00 1578.777000 1377.790000 25.676000  78.428000 98159.28800 1103.200000  17 1
03-03-2021 16:00:00 1577.782000 1374.378000 24.587000  83.953000 98153.37500  388.800000  18 1
03-03-2021 16:15:00 1576.790000 1369.490000 23.526000  91.201000 98156.91500  234.800000  19 1
03-03-2021 16:30:00 1572.816000 1366.869000 22.486000  98.091000 98149.51700  134.500000  20 1
03-03-2021 16:45:00 1572.320000 1363.076364 21.282727 100.000000 98145.68364  106.636364  21 1
03-03-2021 17:00:00 1573.312000 1359.434000 20.239000 100.000000 98152.23800   86.900000  22 1
03-03-2021 17:15:00 1573.312000 1356.482000 19.148000 100.000000 98161.84700   64.400000  23 1
03-03-2021 17:30:00 1572.816000 1351.350000 17.940000 100.000000 98176.63300   39.000000  24 1
03-03-2021 17:45:00 1574.524444 1348.916667 16.758889 100.000000 98187.50000   16.777778  25 1
03-03-2021 18:00:00 1574.304000 1345.528000 15.659000 100.000000 98205.48000    3.500000  26 1
03-03-2021 18:15:00 1578.278000 1343.720000 14.796000 100.000000 98225.24200    0.100000  27 1
03-03-2021 18:30:00 1578.278000 1340.480000 14.212000 100.000000 98247.00200    0.000000  28 1
03-03-2021 18:45:00 1578.777000 1336.890000 13.788000 100.000000 98268.07000    0.000000  29 1
03-03-2021 19:00:00 1577.779000 1334.043000 13.401000 100.000000 98286.63900    0.000000  30 1
03-03-2021 19:15:00 1577.280000 1331.202000 13.016000 100.000000 98305.11400    0.000000  31 1
03-03-2021 19:30:00 1578.278000 1327.662000 12.849000 100.000000 98317.49600    0.000000  32 1
03-03-2021 19:45:00 1576.177778 1323.140000 12.638889 100.000000 98328.94000    0.000000  33 1
03-03-2021 20:00:00 1573.312000 1319.958000 12.186000 100.000000 98342.94300    0.000000  34 1
03-03-2021 20:15:00 1573.312000 1317.173000 11.931000 100.000000 98350.60800    0.000000  35 1
03-03-2021 20:30:00 1572.320000 1313.710000 11.853000 100.000000 98360.02300    0.000000  36 1
03-03-2021 20:45:00 1570.354000 1311.301000 11.683000 100.000000 98368.63400    0.000000  37 1
03-03-2021 21:00:00 1569.581111 1306.244444 11.556667 100.000000 98370.79222    0.000000  38 1
03-03-2021 21:15:00 1567.390000 1304.460000 11.326000 100.000000 98387.13400    0.000000  39 1
03-03-2021 21:30:00 1565.931000 1301.744000 10.920000 100.000000 98385.04100    0.000000  40 1
03-03-2021 21:45:00 1562.500000 1299.453333 10.810000 100.000000 98396.79222    0.000000  41 1
03-03-2021 22:00:00 1562.500000 1296.678000 10.608000 100.000000 98392.61300    0.000000  42 1
03-03-2021 22:15:00 1561.526000 1292.650000 10.283000 100.000000 98390.12900    0.000000  43 1
03-03-2021 22:30:00 1557.092222 1289.760000 10.006667 100.000000 98384.19778    0.000000  44 1
03-03-2021 22:45:00 1556.662000 1286.664000 10.040000 100.000000 98383.39000    0.000000  45 1
03-03-2021 23:00:00 1553.758000 1284.026000 10.317000 100.000000 98370.78300    0.000000  46 1
03-03-2021 23:15:00 1551.721111 1281.685556  9.922222 100.000000 98370.10556    0.000000  47 1
03-03-2021 23:30:00 1552.309000 1278.770000  9.558000 100.000000 98358.84700    0.000000  48 1
03-03-2021 23:45:00 1548.521111 1275.511111  9.341111 100.000000 98356.42444    0.000000  49 1
03-04-2021 00:00:00 1546.917778 1271.903333  9.220000 100.000000 98342.87444    0.000000  50 1
03-04-2021 00:15:00 1546.917778 1267.962222  8.923333 100.000000 98355.99222    0.000000  51 1
03-04-2021 00:30:00 1542.252000 1265.821000  8.606000 100.000000 98357.72400    0.000000  52 1
03-04-2021 00:45:00 1541.093333 1263.333333  8.441111 100.000000 98358.14222    0.000000  53 1
03-04-2021 01:00:00 1542.252000 1259.758000  8.161000 100.000000 98355.56100    0.000000  54 1
03-04-2021 01:15:00 1535.840000 1257.333333  7.992222 100.000000 98347.47667    0.000000  55 1
03-04-2021 01:30:00 1535.156000 1253.760000  7.938000 100.000000 98342.49100    0.000000  56 1
03-04-2021 01:45:00 1530.613333 1250.695556  7.953333 100.000000 98334.45889    0.000000  57 1
03-04-2021 02:00:00 1529.519000 1248.128000  7.868000 100.000000 98330.92300    0.000000  58 1
03-04-2021 02:15:00 1527.500000 1245.502222  7.873333 100.000000 98309.59889    0.000000  59 1
03-04-2021 02:30:00 1525.425556 1243.436667  7.937778 100.000000 98298.54222    0.000000  60 1
03-04-2021 02:45:00 1523.876667 1240.007778  7.924444 100.000000 98289.88222    0.000000  61 1
03-04-2021 03:00:00 1520.214000 1237.315000  7.992000 100.000000 98280.32400    0.000000  62 1
03-04-2021 03:15:00 1517.194444 1235.924444  7.806667 100.000000 98271.25667    0.000000  63 1
03-04-2021 03:30:00 1515.150000 1233.040000  7.745000 100.000000 98264.28700    0.000000  64 1
03-04-2021 03:45:00 1512.096667 1229.171111  7.787778 100.000000 98258.72556    0.000000  65 1
03-04-2021 04:00:00 1509.558889 1228.502222  7.652222 100.000000 98260.69667    0.000000  66 1
03-04-2021 04:15:00 1506.532222 1226.158889  7.487778 100.000000 98262.94667    0.000000  67 1
03-04-2021 04:30:00 1505.015556 1223.824444  7.384444 100.000000 98268.42222    0.000000  68 1
03-04-2021 04:45:00 1503.310000 1220.406000  7.279000 100.000000 98270.96700    0.000000  69 1
03-04-2021 05:00:00 1501.000000 1216.870000  7.431111 100.000000 98276.05333    0.000000  70 1
03-04-2021 05:15:00 1498.000000 1212.611111  7.548889 100.000000 98282.16333    0.000000  71 1
03-04-2021 05:30:00 1495.510000 1210.324444  7.478889 100.000000 98290.66556    0.000000  72 1
03-04-2021 05:45:00 1491.207000 1208.601000  7.344000 100.000000 98302.45700    0.000000  73 1
03-04-2021 06:00:00 1488.583333 1205.458889  7.297778 100.000000 98302.12444    0.777778  74 1
03-04-2021 06:15:00 1484.654444 1204.167778  7.204444 100.000000 98309.98333    6.777778  75 1
03-04-2021 06:30:00 1483.676667 1201.601111  7.160000 100.000000 98330.66778   20.111111  76 1
03-04-2021 06:45:00 1480.743333 1199.362222  7.656667 100.000000 98336.32333   43.333333  77 1
03-04-2021 07:00:00 1475.406667 1195.855556  8.655556 100.000000 98350.07111   67.111111  78 1
03-04-2021 07:15:00 1469.622222 1193.310000  9.670000 100.000000 98361.24778   79.222222  79 1
03-04-2021 07:30:00 1464.840000 1190.470000 10.815556 100.000000 98362.51444   90.444444  80 1
03-04-2021 07:45:00 1457.726667 1189.843333 12.552222 100.000000 98384.64667  103.222222  81 1
03-04-2021 08:00:00 1450.675556 1187.956667 13.944444 100.000000 98406.70778  116.000000  82 1
03-04-2021 08:15:00 1444.621111 1190.470000 14.922222 100.000000 98421.82000  144.666667  83 1
03-04-2021 08:30:00 1441.846667 1193.632222 16.231111 100.000000 98432.17444  179.000000  84 1
03-04-2021 08:45:00 1437.700000 1197.445556 17.632222 100.000000 98451.21778  456.333333  85 1
03-04-2021 09:00:00 1435.408889 1201.604444 19.251111 100.000000 98459.51778  296.888889  86 1
03-04-2021 09:15:00 1433.575556 1205.780000 20.765556 100.000000 98474.16667  299.888889  87 1
03-04-2021 09:30:00 1431.754444 1210.652222 22.224444 100.000000 98491.61000  335.444444  88 1
03-04-2021 09:45:00 1428.570000 1213.593333 23.427778 100.000000 98493.84444  395.888889  89 1
03-04-2021 10:00:00 1428.570000 1219.181111 24.247778 100.000000 98497.31778  451.444444  90 1
03-04-2021 10:15:00 1428.570000 1224.156667 25.134444  99.526667 98491.41444  549.888889  91 1
03-04-2021 10:30:00 1428.570000 1231.150000 26.045000  96.221250 98498.84375  607.875000  92 1
03-04-2021 10:45:00 1431.296667 1238.987778 27.036667  91.356667 98492.64222  652.666667  93 1
03-04-2021 11:00:00 1434.491111 1247.928889 27.581111  78.151111 98484.61667 1046.333333  94 1
03-04-2021 11:15:00 1434.491111 1261.220000 28.117778  80.185556 98464.14444  812.000000  95 1
03-04-2021 11:30:00 1439.082222 1273.351111 28.631111  81.995556 98447.09111  897.333333  96 1
03-04-2021 11:45:00 1440.920000 1283.701250 29.188750  78.347500 98431.98375  904.250000  97 1
03-04-2021 12:00:00 1443.231111 1288.652222 29.246667  78.205556 98415.81111 1013.000000  98 1
03-04-2021 12:15:00 1446.013333 1291.242222 29.481111  81.251111 98397.47778 1520.888889  99 1
03-04-2021 12:30:00 1452.544444 1292.352222 29.893333  73.248889 98378.65667 1559.333333 100 1
03-04-2021 12:45:00 1455.600000 1289.482500 29.422500  78.102500 98360.53625  886.250000 101 1
03-04-2021 13:00:00 1455.600000 1290.317500 29.563750  77.272500 98339.20500  846.875000 102 1
03-04-2021 13:15:00 1461.980000 1285.707778 29.775556  78.778889 98316.19111  801.777778 103 1
03-04-2021 13:30:00 1460.560000 1283.880000 30.036667  75.357778 98289.88333 1496.222222 104 1
03-04-2021 13:45:00 1462.456667 1280.956667 30.626667  68.260000 98261.51889 2229.555556 105 1
03-04-2021 14:00:00 1465.197500 1277.955000 30.846250  66.906250 98242.84625 2402.625000 106 1
03-04-2021 14:15:00 1465.793333 1276.596667 31.176667  63.858889 98227.65889 2659.000000 107 1
03-04-2021 14:30:00 1465.793333 1272.984444 31.261111  62.533333 98203.75000 2894.222222 108 1
03-04-2021 14:45:00 1466.272500 1271.452500 30.968750  62.320000 98194.52000 2708.500000 109 1
03-04-2021 15:00:00 1464.848889 1267.246667 30.552222  65.127778 98182.67222 2635.000000 110 1
03-04-2021 15:15:00 1466.270000 1266.222500 30.231250  64.315000 98177.50500 1934.500000 111 1
03-04-2021 15:30:00 1464.363333 1261.211111 28.785556  68.728889 98166.42000 2198.000000 112 1
03-04-2021 15:45:00 1465.316667 1256.281111 26.096667  86.545556 98158.62333 1198.555556 113 1
03-04-2021 16:00:00 1460.918750 1253.130000 25.341250  98.412500 98155.91250  257.750000 114 1
03-04-2021 16:15:00 1461.033333 1250.697778 24.445556  99.904444 98156.37556  202.111111 115 1
03-04-2021 16:30:00 1461.447500 1247.660000 23.482500 100.000000 98152.03875  161.250000 116 1
03-04-2021 16:45:00 1461.506667 1244.468889 22.211111 100.000000 98155.28444  121.777778 117 1
03-04-2021 17:00:00 1457.251111 1240.692222 21.051111 100.000000 98158.87444   97.888889 118 1
03-04-2021 17:15:00 1455.600000 1236.091250 19.983750 100.000000 98157.61125   68.625000 119 1
03-04-2021 17:30:00 1456.130000 1233.805000 18.817500 100.000000 98162.10000   39.750000 120 1
03-04-2021 17:45:00 1457.720000 1229.842222 17.598889 100.000000 98171.16556   16.222222 121 1
03-04-2021 18:00:00 1456.660000 1226.618750 16.445000 100.000000 98182.14625    3.750000 122 1
03-04-2021 18:15:00 1456.777778 1225.492222 15.437778 100.000000 98191.06222    0.111111 123 1
03-04-2021 18:30:00 1461.447500 1220.627500 14.686250 100.000000 98210.54750    0.000000 124 1
03-04-2021 18:45:00 1461.033333 1218.192222 14.055556 100.000000 98232.78556    0.000000 125 1
03-04-2021 19:00:00 1461.447500 1215.433750 13.731250 100.000000 98249.84250    0.000000 126 1
03-04-2021 19:15:00 1455.840000 1212.610000 13.390000 100.000000 98274.42778    0.000000 127 1
03-04-2021 19:30:00 1457.190000 1208.452500 13.057500 100.000000 98290.17750    0.000000 128 1
03-04-2021 19:45:00 1456.660000 1207.358750 12.708750 100.000000 98304.49750    0.000000 129 1
03-04-2021 20:00:00 1456.660000 1205.901250 12.363750 100.000000 98321.80750    0.000000 130 1
03-04-2021 20:15:00 1456.306667 1204.174444 12.141111 100.000000 98332.73889    0.000000 131 1
03-04-2021 20:30:00 1457.720000 1202.642500 11.965000 100.000000 98341.17500    0.000000 132 1
03-04-2021 20:45:00 1452.076667 1200.321111 11.857778 100.000000 98346.42333    0.000000 133 1
03-04-2021 21:00:00 1452.427500 1197.605000 11.877500 100.000000 98354.22250    0.000000 134 1
03-04-2021 21:15:00 1450.327500 1195.812500 11.923750 100.000000 98361.38125    0.000000 135 1
03-04-2021 21:30:00 1446.011111 1193.945556 11.704444 100.000000 98356.64444    0.000000 136 1
03-04-2021 21:45:00 1445.603750 1191.535000 11.497500 100.000000 98352.57000    0.000000 137 1
03-04-2021 22:00:00 1441.960000 1190.470000 11.328750 100.000000 98355.10125    0.000000 138 1
03-04-2021 22:15:00 1441.440000 1187.993750 11.422500 100.000000 98351.02500    0.000000 139 1
03-04-2021 22:30:00 1438.620000 1186.078889 11.537778 100.000000 98353.74333    0.000000 140 1
03-04-2021 22:45:00 1439.367500 1184.830000 11.417500 100.000000 98353.14125    0.000000 141 1
03-04-2021 23:00:00 1436.782500 1182.031250 11.210000 100.000000 98344.27250    0.000000 142 1
03-04-2021 23:15:00 1433.575556 1179.552222 11.113333 100.000000 98338.10000    0.000000 143 1
03-04-2021 23:30:00 1429.081250 1176.470000 11.131250 100.000000 98323.54000    0.000000 144 1
03-04-2021 23:45:00 1428.570000 1173.707500 11.300000 100.000000 98310.65625    0.000000 145 1
03-05-2021 00:00:00 1426.537500 1170.960000 11.533750 100.000000 98291.47125    0.000000 146 1
03-05-2021 00:15:00 1423.487500 1169.247500 12.000000 100.000000 98272.58500    0.000000 147 1
03-05-2021 00:30:00 1421.972500 1168.562500 12.332500 100.000000 98267.30250    0.000000 148 1
03-05-2021 00:45:00 1419.556667 1168.528889 12.027778 100.000000 98285.01333    0.000000 149 1
03-05-2021 01:00:00 1417.938750 1165.500000 11.921250 100.000000 98295.56625    0.000000 150 1
03-05-2021 01:15:00 1415.928750 1165.161250 11.668750 100.000000 98273.39750    0.000000 151 1
03-05-2021 01:30:00 1415.928750 1162.790000 11.376250 100.000000 98272.45000    0.000000 152 1
03-05-2021 01:45:00 1413.928750 1162.452500 11.232500 100.000000 98268.64500    0.000000 153 1
03-05-2021 02:00:00 1411.427500 1160.090000 11.348750 100.000000 98248.37625    0.000000 154 1
03-05-2021 02:15:00 1410.214444 1156.213333 11.502222 100.000000 98249.12222    0.000000 155 1
03-05-2021 02:30:00 1409.938750 1157.066250 10.772500 100.000000 98237.33125    0.000000 156 1
03-05-2021 02:45:00 1406.966250 1155.066250 10.335000 100.000000 98226.98250    0.000000 157 1
03-05-2021 03:00:00 1405.621429 1153.970000 10.205714 100.000000 98215.59000    0.000000 158 1
03-05-2021 03:15:00 1404.985000 1150.745000  9.993750 100.000000 98210.99500    0.000000 159 1
03-05-2021 03:30:00 1405.480000 1149.421250  9.911250 100.000000 98203.87750    0.000000 160 1
03-05-2021 03:45:00 1404.490000 1147.442500  9.808750 100.000000 98207.14750    0.000000 161 1
03-05-2021 04:00:00 1400.560000 1146.197778  9.767778 100.000000 98211.76556    0.000000 162 1
03-05-2021 04:15:00 1400.560000 1143.508750  9.788750 100.000000 98215.53125    0.000000 163 1
03-05-2021 04:30:00 1398.110000 1141.878750  9.718750 100.000000 98217.43750    0.000000 164 1
03-05-2021 04:45:00 1397.620000 1140.250000  9.792500 100.000000 98223.51875    0.000000 165 1
03-05-2021 05:00:00 1395.181250 1136.683750  9.667500 100.000000 98228.42250    0.000000 166 1
03-05-2021 05:15:00 1393.236250 1135.070000  9.496250 100.000000 98234.81625    0.000000 167 1
03-05-2021 05:30:00 1393.861429 1133.780000  9.405714 100.000000 98242.35286    0.000000 168 1
03-05-2021 05:45:00 1388.880000 1130.900000  9.345000 100.000000 98254.23500    0.000000 169 1
03-05-2021 06:00:00 1388.880000 1129.300000  9.445000 100.000000 98267.96250    0.875000 170 1
03-05-2021 06:15:00 1385.042500 1127.390000  9.291250 100.000000 98284.53375    9.125000 171 1
03-05-2021 06:30:00 1385.040000 1125.171250  9.153750 100.000000 98304.26625   24.750000 172 1
03-05-2021 06:45:00 1381.217500 1122.962500  9.377500 100.000000 98320.71500   46.500000 173 1
03-05-2021 07:00:00 1378.497143 1120.352857  9.832857 100.000000 98329.46571   67.285714 174 1
03-05-2021 07:15:00 1375.988750 1118.562500 10.605000 100.000000 98349.54000   78.500000 175 1
03-05-2021 07:30:00 1370.805000 1116.070000 11.975000 100.000000 98361.90875   82.250000 176 1
03-05-2021 07:45:00 1364.256250 1114.513750 13.661250 100.000000 98380.54875   95.250000 177 1
03-05-2021 08:00:00 1358.695000 1114.513750 15.242500 100.000000 98391.06250  111.500000 178 1
03-05-2021 08:15:00 1354.095000 1116.070000 16.401250 100.000000 98399.75000  135.500000 179 1
03-05-2021 08:30:00 1351.350000 1118.877500 17.090000 100.000000 98418.92375  171.500000 180 1
03-05-2021 08:45:00 1348.225714 1124.314286 18.178571 100.000000 98440.21429  362.714286 181 1
03-05-2021 09:00:00 1347.700000 1128.666250 19.700000 100.000000 98441.05750  369.625000 182 1
03-05-2021 09:15:00 1347.247500 1133.462500 21.048750 100.000000 98452.36875  270.125000 183 1
03-05-2021 09:30:00 1347.247500 1137.331250 22.035000 100.000000 98469.02875  323.625000 184 1
03-05-2021 09:45:00 1347.247500 1141.226250 22.783750 100.000000 98469.14625  409.125000 185 1
03-05-2021 10:00:00 1347.700000 1144.488750 23.662500  99.978750 98461.83625  466.000000 186 1
03-05-2021 10:15:00 1347.247500 1148.430000 24.121250  99.906250 98460.83875  550.500000 187 1
03-05-2021 10:30:00 1347.182857 1151.692857 24.902857  99.777143 98456.65857  591.571429 188 1
03-05-2021 10:45:00 1346.342500 1156.737500 25.481250  93.273750 98447.05625  663.375000 189 1
03-05-2021 11:00:00 1350.307143 1166.282857 26.165714  93.734286 98435.35286 1036.571429 190 1
03-05-2021 11:15:00 1352.265000 1177.172500 27.101250  90.205000 98413.72500  810.125000 191 1
03-05-2021 11:30:00 1356.587143 1188.861429 27.437143  88.360000 98401.67143  888.285714 192 1
03-05-2021 11:45:00 1358.695000 1197.966250 27.873750  86.193750 98380.63875  918.625000 193 1
03-05-2021 12:00:00 1360.540000 1201.923750 28.062500  81.798750 98358.91125 1057.625000 194 1
03-05-2021 12:15:00 1362.856250 1204.448750 27.862500  75.783750 98348.15250 1459.000000 195 1
03-05-2021 12:30:00 1366.120000 1200.685714 27.977143  74.954286 98324.87857 1523.857143 196 1
03-05-2021 12:45:00 1369.397500 1199.401250 27.906250  72.937500 98306.32875 1154.500000 197 1
03-05-2021 13:00:00 1373.627500 1196.172500 28.108750  70.671250 98285.95875  884.875000 198 1
03-05-2021 13:15:00 1376.327143 1192.907143 28.217143  69.538571 98272.43286  856.857143 199 1
03-05-2021 13:30:00 1376.462500 1189.411250 28.655000  68.707500 98246.64750 1588.625000 200 1
03-05-2021 13:45:00 1378.497143 1187.238571 29.477143  68.212857 98223.58429 2157.428571 201 1
03-05-2021 14:00:00 1381.210000 1184.832500 29.722500  62.471250 98204.04000 2456.375000 202 1
03-05-2021 14:15:00 1380.735000 1183.780000 30.075000  58.441250 98187.31375 2703.750000 203 1
03-05-2021 14:30:00 1381.210000 1181.332500 30.197500  56.345000 98165.04125 2847.875000 204 1
03-05-2021 14:45:00 1381.210000 1179.644286 29.902857  54.271429 98150.80000 3068.428571 205 1
03-05-2021 15:00:00 1380.735000 1176.470000 29.465000  55.427500 98136.80125 1947.875000 206 1
03-05-2021 15:15:00 1375.785714 1173.708571 29.218571  58.261429 98121.72714 2599.000000 207 1
03-05-2021 15:30:00 1375.988750 1169.590000 28.377500  63.472500 98109.65250 1032.750000 208 1
03-05-2021 15:45:00 1376.936250 1166.862500 26.403750  69.613750 98102.36875  323.875000 209 1
03-05-2021 16:00:00 1372.008571 1163.564286 24.898571  77.444286 98105.93714  249.857143 210 1
03-05-2021 16:15:00 1371.740000 1160.427500 23.896250  86.378750 98100.49000  218.625000 211 1
03-05-2021 16:30:00 1368.797143 1155.492857 23.020000  94.897143 98100.50714  131.428571 212 1
03-05-2021 16:45:00 1367.522500 1153.070000 22.147500 100.000000 98093.03000  113.875000 213 1
03-05-2021 17:00:00 1365.587143 1150.934286 21.430000 100.000000 98105.05571   92.857143 214 1
03-05-2021 17:15:00 1362.856250 1148.760000 20.597500 100.000000 98107.22750   68.000000 215 1
03-05-2021 17:30:00 1362.390000 1146.031429 19.915714 100.000000 98106.44000   41.000000 216 1
03-05-2021 17:45:00 1361.931250 1143.507500 19.107500 100.000000 98109.49500   18.250000 217 1
03-05-2021 18:00:00 1359.152500 1138.627500 18.253750 100.000000 98115.17750    3.125000 218 1
03-05-2021 18:15:00 1358.690000 1136.360000 17.604286 100.000000 98131.48857    0.000000 219 1
03-05-2021 18:30:00 1359.218571 1133.780000 17.168571 100.000000 98144.30571    0.000000 220 1
03-05-2021 18:45:00 1357.112857 1129.757143 16.784286 100.000000 98151.97857    0.000000 221 1
03-05-2021 19:00:00 1355.010000 1128.660000 16.767500 100.000000 98164.52000    0.000000 222 1
03-05-2021 19:15:00 1355.010000 1125.758571 16.178571 100.000000 98172.89857    0.000000 223 1
03-05-2021 19:30:00 1351.807500 1123.278750 15.595000 100.000000 98189.20625    0.000000 224 1
03-05-2021 19:45:00 1351.350000 1121.072857 14.957143 100.000000 98202.58857    0.000000 225 1
03-05-2021 20:00:00 1351.350000 1118.560000 14.492500 100.000000 98222.99750    0.000000 226 1
03-05-2021 20:15:00 1348.221429 1116.070000 14.197143 100.000000 98270.50000    0.000000 227 1
03-05-2021 20:30:00 1346.795000 1114.825000 13.920000 100.000000 98295.17250    0.000000 228 1
03-05-2021 20:45:00 1347.182857 1113.227143 13.357143 100.000000 98288.85857    0.000000 229 1
03-05-2021 21:00:00 1344.532500 1111.110000 12.753750 100.000000 98292.37750    0.000000 230 1
03-05-2021 21:15:00 1343.051429 1109.345714 12.212857 100.000000 98290.64286    0.000000 231 1
03-05-2021 21:30:00 1343.565714 1108.290000 11.904286 100.000000 98292.10714    0.000000 232 1
03-05-2021 21:45:00 1343.181250 1105.580000 11.647500 100.000000 98294.47875    0.000000 233 1
03-05-2021 22:00:00 1339.454286 1102.362857 11.460000 100.000000 98291.39714    0.000000 234 1
03-05-2021 22:15:00 1338.941429 1101.321429 11.317143 100.000000 98287.52714    0.000000 235 1
03-05-2021 22:30:00 1339.582500 1098.900000 11.086250 100.000000 98277.07625    0.000000 236 1
03-05-2021 22:45:00 1335.872857 1098.557143 10.918571 100.000000 98275.71857    0.000000 237 1
03-05-2021 23:00:00 1335.872857 1096.492857 10.748571 100.000000 98273.18857    0.000000 238 1
03-05-2021 23:15:00 1333.333750 1094.690000 10.485000 100.000000 98275.80875    0.000000 239 1
03-05-2021 23:30:00 1330.287143 1092.725714 10.270000 100.000000 98264.24571    0.000000 240 1
03-05-2021 23:45:00 1329.785714 1092.042857 10.078571 100.000000 98251.28000    0.000000 241 1
03-06-2021 00:00:00 1326.691250 1089.916250  9.966250 100.000000 98236.84875    0.000000 242 1
03-06-2021 00:15:00 1326.254286 1086.950000 10.060000 100.000000 98233.17714    0.000000 243 1
03-06-2021 00:30:00 1322.750000 1084.590000 10.167143 100.000000 98219.04571    0.000000 244 1
03-06-2021 00:45:00 1320.257143 1081.915714 10.201429 100.000000 98203.07286    0.000000 245 1
03-06-2021 01:00:00 1318.390000 1079.912500 10.406250 100.000000 98194.83750    0.000000 246 1
03-06-2021 01:15:00 1315.780000 1079.577143 10.247143 100.000000 98178.78714    0.000000 247 1
03-06-2021 01:30:00 1315.780000 1078.578571  9.945714 100.000000 98170.53000    0.000000 248 1
03-06-2021 01:45:00 1315.780000 1077.871250  9.616250 100.000000 98151.44625    0.000000 249 1
03-06-2021 02:00:00 1314.794286 1077.248571  9.318571 100.000000 98152.43000    0.000000 250 1
03-06-2021 02:15:00 1312.330000 1074.934286  9.205714 100.000000 98130.68714    0.000000 251 1
03-06-2021 02:30:00 1311.350000 1072.302857  9.218571 100.000000 98116.46000    0.000000 252 1
03-06-2021 02:45:00 1306.945714 1071.974286  9.115714 100.000000 98120.85143    0.000000 253 1
03-06-2021 03:00:00 1308.900000 1068.656250  8.886250 100.000000 98111.42125    0.000000 254 1
03-06-2021 03:15:00 1306.462857 1068.698571  8.555714 100.000000 98104.63857    0.000000 255 1
03-06-2021 03:30:00 1304.022857 1068.045714  8.214286 100.000000 98117.99000    0.000000 256 1
03-06-2021 03:45:00 1304.508571 1064.468571  8.072857 100.000000 98117.70857    0.000000 257 1
03-06-2021 04:00:00 1303.355000 1062.695000  7.892500 100.000000 98124.37000    0.000000 258 1
03-06-2021 04:15:00 1301.597143 1059.324286  8.011429 100.000000 98147.49286    0.000000 259 1
03-06-2021 04:30:00 1296.774286 1057.401429  9.188571 100.000000 98158.06429    0.000000 260 1
03-06-2021 04:45:00 1291.031429 1054.850000 10.491429 100.000000 98153.44571    0.000000 261 1
03-06-2021 05:00:00 1287.231429 1053.267143 10.820000 100.000000 98149.52714    0.000000 262 1
03-06-2021 05:15:00 1285.348571 1051.367143 10.998571 100.000000 98165.57429    0.000000 263 1
03-06-2021 05:30:00 1282.050000 1051.682857 10.948571 100.000000 98179.98429    0.000000 264 1
03-06-2021 05:45:00 1278.770000 1048.525714 10.581429 100.000000 98195.69000    0.000000 265 1
03-06-2021 06:00:00 1278.770000 1048.762500 10.101250 100.000000 98206.84500    0.875000 266 1
03-06-2021 06:15:00 1278.770000 1048.525714  9.647143 100.000000 98220.66143    8.571429 267 1
03-06-2021 06:30:00 1275.511429 1046.332857  9.644286 100.000000 98233.97000   24.285714 268 1
03-06-2021 06:45:00 1274.581429 1044.151429 10.002857 100.000000 98251.44571   45.714286 269 1
03-06-2021 07:00:00 1271.337143 1041.971429 10.631429 100.000000 98263.13714   67.857143 270 1
03-06-2021 07:15:00 1268.112857 1041.351429 11.645714 100.000000 98261.81429   78.285714 271 1
03-06-2021 07:30:00 1263.077143 1038.265714 12.741429 100.000000 98274.70714   82.428571 272 1
03-06-2021 07:45:00 1258.991429 1039.191429 13.937143 100.000000 98281.77000   94.714286 273 1
03-06-2021 08:00:00 1255.831429 1039.500000 15.237143 100.000000 98280.51857  116.142857 274 1
03-06-2021 08:15:00 1253.130000 1041.354286 16.201429 100.000000 98286.28714  144.714286 275 1
03-06-2021 08:30:00 1250.000000 1044.462857 17.195714 100.000000 98290.19286  181.142857 276 1
03-06-2021 08:45:00 1250.000000 1049.475714 18.417143 100.000000 98290.31714  308.857143 277 1
03-06-2021 09:00:00 1248.665714 1054.218571 19.902857 100.000000 98297.19857  250.000000 278 1
03-06-2021 09:15:00 1247.771429 1058.360000 21.424286 100.000000 98304.24286  285.714286 279 1
03-06-2021 09:30:00 1246.880000 1061.570000 22.925000 100.000000 98311.11875  335.125000 280 1
03-06-2021 09:45:00 1246.880000 1064.794286 23.862857 100.000000 98314.33429  418.000000 281 1
03-06-2021 10:00:00 1246.437143 1067.718571 24.385714  96.425714 98295.10857  489.428571 282 1
03-06-2021 10:15:00 1246.885714 1070.334286 25.001429  91.980000 98290.28714  571.142857 283 1
03-06-2021 10:30:00 1248.443333 1074.110000 25.640000  86.273333 98296.90500  614.333333 284 1
03-06-2021 10:45:00 1250.000000 1077.917143 26.535714  79.418571 98299.67857  659.571429 285 1
03-06-2021 11:00:00 1250.000000 1087.301429 27.151429  74.387143 98292.35571 1140.285714 286 1
03-06-2021 11:15:00 1253.580000 1098.905714 27.865714  74.700000 98293.40286  936.571429 287 1
03-06-2021 11:30:00 1255.830000 1108.998571 27.937143  71.058571 98301.87571  980.428571 288 1
03-06-2021 11:45:00 1257.182857 1116.781429 28.008571  66.344286 98305.18286 1048.285714 289 1
03-06-2021 12:00:00 1260.348571 1118.204286 28.135714  67.240000 98306.35857 1157.857143 290 1
03-06-2021 12:15:00 1262.168571 1118.568571 28.245714  70.814286 98286.35143 1545.142857 291 1
03-06-2021 12:30:00 1264.907143 1117.848571 28.905714  69.095714 98272.06429 1590.857143 292 1
03-06-2021 12:45:00 1268.115714 1116.781429 28.425714  69.462857 98240.51000 1053.857143 293 1
03-06-2021 13:00:00 1269.952857 1116.781429 28.544286  69.054286 98218.09143  911.571429 294 1
03-06-2021 13:15:00 1270.875714 1112.880000 28.685714  65.734286 98196.57429  939.142857 295 1
03-06-2021 13:30:00 1274.584286 1109.348571 29.127143  67.570000 98165.32286 1799.714286 296 1
03-06-2021 13:45:00 1275.045714 1107.240000 29.534286  62.037143 98140.68429 2256.428571 297 1
03-06-2021 14:00:00 1275.045714 1105.144286 29.941429  61.450000 98110.33714 2359.714286 298 1
03-06-2021 14:15:00 1275.975714 1102.017143 30.087143  59.220000 98079.01714 2380.714286 299 1
03-06-2021 14:30:00 1275.510000 1098.500000 30.148333  60.733333 98064.03167 1884.000000 300 1
03-06-2021 14:45:00 1277.838571 1097.867143 30.575714  58.498571 98038.27143 3009.428571 301 1
03-06-2021 15:00:00 1275.512857 1095.118571 30.651429  57.060000 98020.98429 1897.714286 302 1
03-06-2021 15:15:00 1275.045714 1092.384286 29.864286  59.375714 98004.28429 1870.857143 303 1
03-06-2021 15:30:00 1272.730000 1088.644286 28.652857  64.475714 97991.61143 1186.714286 304 1
03-06-2021 15:45:00 1271.798571 1085.264286 26.824286  73.615714 97977.05714  354.142857 305 1
03-06-2021 16:00:00 1268.574286 1081.247143 25.465714  86.214286 97970.56000  336.000000 306 1
03-06-2021 16:15:00 1266.358333 1077.583333 24.205000  98.030000 97970.88500  352.500000 307 1
03-06-2021 16:30:00 1265.364286 1076.257143 23.894286 100.000000 97964.67429  232.428571 308 1
03-06-2021 16:45:00 1262.171429 1073.617143 22.577143 100.000000 97959.86143  105.571429 309 1
03-06-2021 17:00:00 1260.348571 1070.662857 21.441429 100.000000 97958.69143   61.000000 310 1
03-06-2021 17:15:00 1260.348571 1067.392857 21.381429 100.000000 97929.35714   88.142857 311 1
03-06-2021 17:30:00 1256.731429 1064.792857 21.100000 100.000000 97935.81429   52.000000 312 1
03-06-2021 17:45:00 1256.806667 1062.320000 19.730000 100.000000 97937.25167   17.500000 313 1
03-06-2021 18:00:00 1254.480000 1058.362857 18.124286 100.000000 97940.36143    4.428571 314 1
03-06-2021 18:15:00 1254.480000 1054.537143 16.822857 100.000000 97951.80143    0.142857 315 1
03-06-2021 18:30:00 1251.791429 1049.788571 15.958571 100.000000 97975.20571    0.000000 316 1
03-06-2021 18:45:00 1250.000000 1045.397143 15.447143 100.000000 98003.94000    0.000000 317 1
03-06-2021 19:00:00 1248.443333 1042.750000 15.268333 100.000000 98028.10500    0.000000 318 1
03-06-2021 19:15:00 1246.437143 1039.500000 15.070000 100.000000 98037.57000    0.000000 319 1
03-06-2021 19:30:00 1246.363333 1038.061667 14.631667 100.000000 98049.93167    0.000000 320 1
03-06-2021 19:45:00 1244.224286 1035.805714 14.235714 100.000000 98074.65571    0.000000 321 1
03-06-2021 20:00:00 1242.897143 1034.578571 13.840000 100.000000 98069.26714    0.000000 322 1
03-06-2021 20:15:00 1241.578571 1031.834286 13.458571 100.000000 98064.09571    0.000000 323 1
03-06-2021 20:30:00 1240.690000 1029.155000 13.133333 100.000000 98079.70167    0.000000 324 1
03-06-2021 20:45:00 1238.935714 1027.292857 12.915714 100.000000 98075.35714    0.000000 325 1
03-06-2021 21:00:00 1235.434286 1025.790000 12.730000 100.000000 98081.89857    0.000000 326 1
03-06-2021 21:15:00 1233.697143 1021.894286 12.691429 100.000000 98087.89571    0.000000 327 1
03-06-2021 21:30:00 1231.520000 1020.400000 12.460000 100.000000 98093.83500    0.000000 328 1
03-06-2021 21:45:00 1228.500000 1018.320000 12.198571 100.000000 98091.60571    0.000000 329 1
03-06-2021 22:00:00 1228.501667 1017.633333 12.263333 100.000000 98099.51000    0.000000 330 1
03-06-2021 22:15:00 1225.490000 1016.260000 12.354286 100.000000 98110.50143    0.000000 331 1
03-06-2021 22:30:00 1225.064286 1013.311429 12.211429 100.000000 98107.25857    0.000000 332 1
03-06-2021 22:45:00 1222.918571 1013.020000 11.924286 100.000000 98111.46143    0.000000 333 1
03-06-2021 23:00:00 1220.006667 1011.460000 11.773333 100.000000 98103.65333    0.000000 334 1
03-06-2021 23:15:00 1219.510000 1010.974286 11.651429 100.000000 98125.58286    0.000000 335 1
03-06-2021 23:30:00 1216.964286 1009.517143 11.825714 100.000000 98111.83000    0.000000 336 1
03-06-2021 23:45:00 1215.065000 1006.368333 12.198333 100.000000 98095.92333    0.000000 337 1
03-07-2021 00:00:00 1213.170000 1005.741429 12.645714 100.000000 98089.74857    0.000000 338 1
03-07-2021 00:15:00 1209.397143 1004.587143 13.487143 100.000000 98047.92429    0.000000 339 1
03-07-2021 00:30:00 1207.235000 1004.010000 13.493333 100.000000 98037.71167    0.000000 340 1
03-07-2021 00:45:00 1205.644286 1004.588571 13.367143 100.000000 98069.19143    0.000000 341 1
03-07-2021 01:00:00 1201.441667 1002.335000 13.770000 100.000000 98091.59500    0.000000 342 1
03-07-2021 01:15:00 1199.862857 1002.574286 13.938571 100.000000 98064.77143    0.000000 343 1
03-07-2021 01:30:00 1199.862857 1003.148571 13.815714 100.000000 98025.59714    0.000000 344 1
03-07-2021 01:45:00 1198.561667 1003.340000 13.271667 100.000000 98038.84333    0.000000 345 1
03-07-2021 02:00:00 1196.580000 1000.000000 13.440000 100.000000 98003.32286    0.000000 346 1
03-07-2021 02:15:00 1197.400000 1000.000000 13.167143 100.000000 97973.89143    0.000000 347 1
03-07-2021 02:30:00 1196.648333 1000.000000 13.226667 100.000000 97960.95667    0.000000 348 1
03-07-2021 02:45:00 1196.991429  998.000000 13.335714 100.000000 97989.11571    0.000000 349 1
03-07-2021 03:00:00 1193.786667  998.000000 13.531667 100.000000 98022.57667    0.000000 350 1
03-07-2021 03:15:00 1194.944286  996.865714 13.588571 100.000000 98007.80000    0.000000 351 1
03-07-2021 03:30:00 1193.718571  996.011429 13.578571 100.000000 97967.86286    0.000000 352 1
03-07-2021 03:45:00 1191.890000  995.350000 13.923333 100.000000 97948.46833    0.000000 353 1
03-07-2021 04:00:00 1190.470000  996.010000 14.990000 100.000000 97917.28833    0.000000 354 1
03-07-2021 04:15:00 1190.470000  994.595714 16.340000 100.000000 97934.89571    0.000000 355 1
03-07-2021 04:30:00 1187.640000  993.467143 15.688571 100.000000 97947.04857    0.000000 356 1
03-07-2021 04:45:00 1187.640000  993.373333 15.198333 100.000000 97973.37167    0.000000 357 1
03-07-2021 05:00:00 1185.632857  992.060000 15.211429 100.000000 98049.52857    0.000000 358 1
03-07-2021 05:15:00 1184.830000  991.403333 15.320000 100.000000 98049.42333    0.000000 359 1
03-07-2021 05:30:00 1182.432857  990.658571 14.832857 100.000000 98038.74571    0.000000 360 1
03-07-2021 05:45:00 1181.100000  989.118333 14.770000 100.000000 98028.43167    0.000000 361 1
03-07-2021 06:00:00 1182.030000  989.532857 14.670000 100.000000 98025.70000    1.000000 362 1
03-07-2021 06:15:00 1180.635000  987.815000 14.688333 100.000000 98021.91167    8.666667 363 1
03-07-2021 06:30:00 1178.448571  986.747143 14.610000 100.000000 98038.78714   21.000000 364 1
03-07-2021 06:45:00 1177.393333  987.165000 14.610000 100.000000 98056.89667   36.500000 365 1
03-07-2021 07:00:00 1175.282857  985.081429 14.998571 100.000000 98065.29000   55.428571 366 1
03-07-2021 07:15:00 1174.623333  984.250000 15.423333 100.000000 98071.13333   81.666667 367 1
03-07-2021 07:30:00 1172.525714  984.804286 16.191429 100.000000 98092.63000   99.857143 368 1
03-07-2021 07:45:00 1171.873333  985.220000 17.198333 100.000000 98112.16500  133.833333 369 1
03-07-2021 08:00:00 1169.394286  985.915714 18.421429 100.000000 98126.42286  183.285714 370 1
03-07-2021 08:15:00 1166.860000  988.140000 19.308333 100.000000 98155.37833  214.500000 371 1
03-07-2021 08:30:00 1165.888571  990.655714 20.868571 100.000000 98180.92286  267.714286 372 1
03-07-2021 08:45:00 1164.598333  992.716667 21.383333  97.700000 98193.49000  273.000000 373 1
03-07-2021 09:00:00 1162.790000  994.878571 21.921429  99.090000 98213.51571  327.714286 374 1
03-07-2021 09:15:00 1162.790000  996.675000 22.648333  98.213333 98247.92667  317.333333 375 1
03-07-2021 09:30:00 1162.790000 1000.333333 23.625000  98.565000 98280.82167  404.833333 376 1
03-07-2021 09:45:00 1161.440000 1002.670000 24.223333  97.721667 98298.82833  354.166667 377 1
03-07-2021 10:00:00 1160.478571 1005.454286 25.018571  93.701429 98318.82857  470.857143 378 1
03-07-2021 10:15:00 1159.641667 1010.440000 25.530000  92.993333 98327.62167  524.500000 379 1
03-07-2021 10:30:00 1162.020000 1013.024286 25.815714  84.875714 98314.74143  600.285714 380 1
03-07-2021 10:45:00 1162.790000 1015.913333 25.853333  86.186667 98321.00167  574.166667 381 1
03-07-2021 11:00:00 1162.790000 1020.102857 25.510000  83.752857 98310.48857  469.714286 382 1
03-07-2021 11:15:00 1162.790000 1020.400000 25.200000  94.230000 98299.65833  511.833333 383 1
03-07-2021 11:30:00 1162.790000 1022.490000 25.042857  95.460000 98276.35857  489.857143 384 1
03-07-2021 11:45:00 1165.501667 1022.490000 25.005000  90.653333 98267.32167  454.833333 385 1
03-07-2021 12:00:00 1165.953333 1021.096667 25.006667  99.245000 98268.09833  576.000000 386 1
03-07-2021 12:15:00 1166.277143 1022.790000 25.947143  96.085714 98264.44571  698.285714 387 1
03-07-2021 12:30:00 1167.313333 1024.940000 26.323333  90.023333 98244.44333  774.833333 388 1
03-07-2021 12:45:00 1169.136667 1025.290000 26.270000  90.455000 98211.52167  609.000000 389 1
03-07-2021 13:00:00 1169.002857 1025.790000 26.292857  94.681429 98192.52857  614.142857 390 1
03-07-2021 13:15:00 1170.046667 1025.991667 27.721667  90.671667 98158.83500  958.000000 391 1
03-07-2021 13:30:00 1169.785714 1027.292857 28.207143  84.391429 98129.44429 1305.571429 392 1
03-07-2021 13:45:00 1168.220000 1027.393333 28.823333  81.988333 98109.11000 1746.500000 393 1
03-07-2021 14:00:00 1168.220000 1026.691667 28.768333  73.533333 98082.50500 1790.000000 394 1
03-07-2021 14:15:00 1168.611429 1025.490000 29.660000  70.450000 98067.03143 2061.142857 395 1
03-07-2021 14:30:00 1168.220000 1024.940000 29.893333  69.581667 98054.77833 1973.666667 396 1
03-07-2021 14:45:00 1168.220000 1023.540000 29.953333  70.126667 98025.47833 2308.166667 397 1
03-07-2021 15:00:00 1168.225714 1020.997143 28.978571  71.162857 98013.31000 1518.571429 398 1
03-07-2021 15:15:00 1165.500000 1018.323333 26.918333  92.776667 98020.69167  553.666667 399 1
03-07-2021 15:30:00 1165.953333 1015.915000 26.126667  99.643333 97984.93500  578.833333 400 1
03-07-2021 15:45:00 1164.598333 1014.538333 26.420000  96.910000 97996.15000  491.666667 401 1
03-07-2021 16:00:00 1160.861429 1010.102857 23.698571  93.878571 98044.05286  213.000000 402 1
03-07-2021 16:15:00 1160.090000 1005.356667 22.390000  99.270000 98049.40333  316.333333 403 1
03-07-2021 16:30:00 1158.300000 1002.001667 22.511667  99.030000 98028.83667  203.500000 404 1
03-07-2021 16:45:00 1157.018571  998.857143 21.420000  96.645714 97988.35143  125.285714 405 1
03-07-2021 17:00:00 1156.510000  996.011667 21.038333  89.151667 97931.64833   64.833333 406 1
03-07-2021 17:15:00 1154.730000  992.388333 20.943333  83.058333 97929.69167   31.000000 407 1
03-07-2021 17:30:00 1152.832857  988.697143 20.135714  95.167143 98004.06571   10.714286 408 1
03-07-2021 17:45:00 1151.186667  985.545000 19.125000 100.000000 97994.74667    6.000000 409 1
03-07-2021 18:00:00 1148.981667  982.956667 18.560000 100.000000 97949.75333    1.500000 410 1
03-07-2021 18:15:00 1147.220000  981.350000 18.341667 100.000000 97928.81833    0.000000 411 1
03-07-2021 18:30:00 1146.031429  979.018571 17.904286 100.000000 97939.52286    0.000000 412 1
03-07-2021 18:45:00 1143.725000  976.878333 17.481667 100.000000 97962.66667    0.000000 413 1
